kode,advt_median,advt_mean,rasio_mean_median,market_cap,harga_median,volume_median,turnover_bps,amihud_per_miliar,volatilitas_tahunan,rentang_harian_relatif,max_drawdown,beta_ihsg,pct_hari_volume_nol,pct_hari_harga_stagnan,umur_listing_tahun,jumlah_hari_bursa,sektor_Basic Materials,sektor_Consumer Cyclicals,sektor_Consumer Non-Cyclicals,sektor_Energy,sektor_Financials,sektor_Healthcare,sektor_Industrials,sektor_Infrastructure,sektor_Properties & Real Estate,sektor_Technology,sektor_Tidak Diketahui,sektor_Transportation & Logistics,kelas_likuiditas,kelas_kode
TSPC,0.7502194879510207,0.8031890682155172,-0.4796192781400089,1.1451573183555068,1.3873810380173976,0.3273419362786369,0.00953463355096299,-0.648262399317654,-0.9087895880075013,-0.6997766755338547,0.9166508593940139,0.20859669265338127,-0.3417570771486425,-0.6795730093036925,1.395356988621094,0.0,0,0,0,0,0,1,0,0,0,0,0,0,Menengah,1
OILS,-0.11514962363580201,-0.20373145804983034,0.28847333500357597,-1.5057249780317201,-0.5675623629914208,0.024744048041158255,0.7370641398571766,-0.32813887758837473,-0.3905537073073676,0.8000827294888757,0.5278286434097009,-0.20660167913341135,-0.3417570771486425,-0.2503308440424036,-0.9163159919101759,0.0,0,0,1,0,0,0,0,0,0,0,0,0,Menengah,1
VIVA,-0.5827627101826274,-0.3456219979568543,2.6405797154238146,-0.9034537445312429,-1.926704640125636,-0.09620974577549676,-1.0075662076487826,0.15924168268662228,0.5461318287270647,-0.8109600786897736,-0.6023976063635151,-0.8110695160727583,2.1927685780716835,1.9153909897759176,-0.08469030033214596,0.0,0,1,0,0,0,0,0,0,0,0,0,0,Menengah,1
NTBK,-1.1505553927673449,-1.4795043420082543,1.0228693215892484,-0.9739725144883933,-0.969351058498508,-1.13739883757423,-1.110864827272985,-0.6505606969702578,-2.390142587806191,-1.948357512943425,2.163049600528397,-1.2532103459746864,0.032911932753492634,3.1640954705360307,-0.9525848227422063,0.0,0,0,0,0,0,0,1,0,0,0,0,0,Menengah,1
MLPL,0.8949654713998862,1.100007994990504,-0.13326399392617055,0.22438693740570406,-0.5261781639508878,1.321663975974659,2.0230965028087673,-0.6465752278280981,1.554709186364085,1.6028837028724963,-1.1657294448044602,2.952368196853509,-0.31971772362498746,-1.0307711445174743,1.7868743676027552,0.0,0,0,1,0,0,0,0,0,0,0,0,0,Likuid,2
GOOD,0.007538876467371767,-0.3674875616415493,-0.9081558605953136,1.2480413380542126,0.24560274824345946,-0.16810967245615938,-1.0820337426967626,-0.5271932470901205,-1.2063944847359582,-0.7336946116445667,0.6849657485689268,-0.4076629647762328,-0.3417570771486425,-0.1917978215067732,-0.669408951245969,0.0,0,0,1,0,0,0,0,0,0,0,0,0,Tidak Likuid,0
CASH,-0.3563470122667015,-0.7092179222235905,-0.3680211960494719,-1.1238065524804794,-0.777529290875971,-0.20017909696491085,-0.502373856410321,1.3319125779158973,0.1854572902837371,0.7186660343665129,0.2963727358763561,0.03294989395718429,-0.3417570771486425,-0.32837487408991056,-0.802394664296747,0.0,0,0,0,0,0,0,0,0,0,1,0,0,Menengah,1
RANC,-0.49306655709709846,-0.7104262819880401,0.3745213352138898,-0.1547938494086391,0.3861812715903977,-0.8506654900371249,-1.0622205697854847,1.2157280555629657,-0.20919775800525087,-0.5171090630302099,0.28817013822879556,-0.07188453460469912,-0.3417570771486425,-0.36739688911366414,-0.130956308893518,0.0,0,0,1,0,0,0,0,0,0,0,0,0,Tidak Likuid,0
PURI,-0.0513466801750836,0.1438711254577289,1.434467901028281,-0.7929127420547313,-0.14769031502007912,-0.06885772994344126,-0.043528654989360614,-0.25546216179854686,0.6003118655133347,1.1185067341377635,-0.8352773711544131,0.35898946635406076,-0.31971772362498746,-0.7966390543749531,-0.8319212124741051,0.0,0,0,0,0,0,0,0,0,1,0,0,0,Tidak Likuid,0
PTPW,-0.2144129999073965,-0.5706308017732065,-0.5747764134356953,-0.12198663898060089,0.7768472028940352,-0.6639149382964623,-0.915885387130553,-0.49444892893516884,-1.7730972751429002,-1.4867690120964376,1.340506328734905,-0.6553920900890666,-0.3417570771486425,0.022823261123871195,-0.7821678163327302,0.0,0,0,0,0,0,0,0,1,0,0,0,0,Tidak Likuid,0
OKAS,0.32467534365287715,0.3047504669809204,-0.13147035845007837,-0.6284257718264176,-0.46121447120534154,0.5352016405142315,1.0332990117056602,-0.5983935208084256,0.7854957480515432,0.9032804042881017,0.4549792668598629,0.588820060096115,-0.3417570771486425,-0.6015289792561854,0.3949417381709226,0.0,1,0,0,0,0,0,0,0,0,0,0,0,Menengah,1
KREN,-0.10881234157214588,-0.4399236450289075,-0.6300651441903978,-0.8811140423203466,-1.9562591513827234,0.6291580324368468,-0.09814225630356364,0.3256566149736739,2.2688141111302103,1.324100764365024,-0.8538018978991433,-0.08442798345807279,-0.3417570771486425,1.0178846442295866,0.7134564704778559,0.0,0,0,0,0,0,0,0,0,0,1,0,0,Tidak Likuid,0
EPMT,-0.21909029040307618,-0.49320822597572944,-0.27885396948020424,0.8742431502160168,1.3536989474092842,-0.8945280005022819,-1.0925828524612957,-0.15353496783333864,-1.4723804309665594,-1.2013546969622133,1.0611917290324007,-0.7417809986483176,-0.3417570771486425,-0.1917978215067732,1.384894825881085,0.0,0,0,1,0,0,0,0,0,0,0,0,0,Tidak Likuid,0
CAKK,-0.11508806039459037,-0.23142543169112764,0.1743488213869175,-0.8577327020679513,-0.34059280964010946,-0.07913480767084756,-0.17415325343620372,-0.08273271797624414,-0.44873547527403435,0.20681970698299618,0.3717940233370448,0.3130215199306595,-0.3417570771486425,-0.38690789662554087,-0.6742912938579732,0.0,0,0,0,0,0,0,1,0,0,0,0,0,Tidak Likuid,0
BNII,0.12061730305920548,-0.006151614220956093,-0.23040222628363086,1.2993400796080155,-0.12076377891057011,0.13909825205126466,-1.0556312668114964,-0.5905047758840802,-1.0859921444775114,-0.7769476913222421,0.4694811559976911,0.08181131878360741,-0.3417570771486425,0.061845276147624625,1.783386980022752,0.0,0,0,0,0,1,0,0,0,0,0,0,0,Tidak Likuid,0
PNIN,0.5030146731838732,0.43780911629421215,-0.5497752817043353,0.6505010221059405,0.8247699677673325,0.22923294836013397,-0.16139572701320962,-0.6332629624516724,-0.3770514983878991,-0.20551422691746413,0.3949767961220923,0.4904147939641893,-0.3417570771486425,-0.7576170393511995,2.3074250870445248,0.0,0,0,0,0,1,0,0,0,0,0,0,0,Tidak Likuid,0
DEPO,-0.2049831039350692,-0.3728884245852664,0.10949560954338475,0.2174014107937812,-0.03116155633312797,-0.31761921097359824,-1.0081277703785523,-0.203261013346682,-0.5651660751996868,-0.03544057499365681,-0.1522085261718087,-0.7183191673610679,-0.3417570771486425,0.12037829868325503,-0.934915392336858,0.0,0,1,0,0,0,0,0,0,0,0,0,0,Tidak Likuid,0
HDFA,-0.5473675569526817,-0.37127036800273966,2.275819227879828,-0.1635448038479029,-0.48744139531629294,-0.5790590276971249,-1.07894645222287,1.6124518823073375,0.8028318277274203,0.9562060090262584,-0.10856774798995937,-0.3180215197032433,-0.31971772362498746,-0.07473177643551264,-0.039354261792108006,0.0,0,0,0,0,1,0,0,0,0,0,0,0,Tidak Likuid,0
BAUT,-0.29380586752788845,-0.6152680247706158,-0.3439052987040338,-1.21517822834234,-1.6002089535541344,0.21617369214092705,-0.279690363621374,0.27638350499423675,0.4561445368551989,-0.20523454045783338,0.15181526824336986,0.09948127627065896,-0.3417570771486425,1.0764176667652168,-0.949794912678204,0.0,0,1,0,0,0,0,0,0,0,0,0,0,Tidak Likuid,0
LTLS,0.06055239147423561,-0.20287669010529225,-0.6276566842139741,0.19848913105561117,0.8339157980945843,-0.32447121488435926,-0.7215995143141354,-0.4462742872983882,-1.5333532934216865,-1.2526749243111015,1.1696365262080013,-0.46300915925163233,-0.3417570771486425,0.530109456432667,1.132640457594207,0.0,1,0,0,0,0,0,0,0,0,0,0,0,Tidak Likuid,0
NSSS,0.698363183062862,0.6401510423013,-0.7773424890607357,0.8873176092551017,0.055689636173884366,0.796613667827388,0.15014013154271785,-0.6441779113624165,-0.701041413565903,0.06522696205578023,0.9728571317394726,0.6767628031801728,0.0769906398008026,-0.3088638665780339,-1.0441868698436163,0.0,0,0,1,0,0,0,0,0,0,0,0,0,Likuid,2
BALI,-0.07320705816921678,-0.101120614840024,0.4738528983257236,0.7837350684266964,1.0133004353511263,-0.5607428830791009,-1.0463757079595009,0.010114731899945112,0.3207305599485539,0.5323554989530773,0.32470074093262724,-0.19331813387156374,-0.31971772362498746,-0.5820179717443087,-0.2806814823283101,0.0,0,0,0,0,0,0,0,1,0,0,0,0,Tidak Likuid,0
CARE,0.8276929495779,0.7107248151130309,-1.0894818638723962,0.8660686021189575,-0.17267312667935658,1.0460122260569813,0.6047825890269306,-0.645495418985915,-0.28927181606598595,0.035931828321302,1.1856070532648764,-0.27829766467948625,-0.3417570771486425,-0.13326479897114304,-0.7903050540194038,0.0,0,0,0,0,0,1,0,0,0,0,0,0,Menengah,1
HBAT,-0.31737813303312956,-0.42296260597231927,0.5545935741400042,-1.5497745674507688,-1.1165150554400405,0.027918858843378608,0.17354630863889142,1.1587540237565506,0.452184107683752,1.6136743811535321,0.614399164668926,-0.5685535068865598,-0.3417570771486425,0.12037829868325503,-1.0790607456436456,0.0,0,0,0,0,0,0,0,0,1,0,0,0,Tidak Likuid,0
BLTA,-0.20394659062384668,-0.5561632729131405,-0.5752339273688394,-0.3289755471584891,-1.5068325921542944,0.29034012673185816,-0.8174001834267833,0.4458103202802939,0.06098195659630611,-0.6218216066076477,0.6739626429712136,-0.7072072920851868,-0.3417570771486425,1.2129947193483541,1.7543254168560614,0.0,0,0,0,0,0,0,0,0,0,0,0,1,Tidak Likuid,0
YPAS,-3.5172664825753994,-1.9512609701489225,-0.2611785808537514,-0.8042726554462496,0.08137888452846002,-3.185741378482777,-1.122153201878401,3.6523241809777667,-0.32848137126383997,-1.6894197734788587,0.41348095943351365,-1.2533281572984365,2.6335556485447835,2.3446331550372066,0.23056953690011806,0.0,1,0,0,0,0,0,0,0,0,0,0,0,Tidak Likuid,0
MPMX,0.7136488418723634,0.6591216337921181,-0.784612250823455,0.6972842445304158,0.827833946588418,0.5003042103901896,0.47251619907045705,-0.6489010201527691,-1.4897629895814115,-1.297957358013153,1.3159756813002437,-0.23578886348525002,-0.3417570771486425,0.2374443437545156,-0.21372364079225403,0.0,0,1,0,0,0,0,0,0,0,0,0,0,Menengah,1
KBLI,0.09961406878789618,-0.1916795408938724,-0.766178771541266,0.19935495962805744,0.26448471298082715,-0.05060717534834289,-0.6690389334689022,-0.5980159972406448,-1.2161628397527144,-0.8793249366631987,1.2163199260969315,-0.9566505507407878,-0.3417570771486425,0.3935324038495298,1.5606591599132322,0.0,0,0,0,0,0,0,1,0,0,0,0,0,Tidak Likuid,0
ADMG,-0.3317017062102633,-0.6559347795863972,-0.29943469588679483,-0.39592570591263093,-0.4663697986750813,-0.29022202854836154,-0.9129977256375353,0.3598972862997344,-0.5827045014852529,0.1769129237891622,0.5385911013751059,-0.4635004138025163,-0.3417570771486425,-0.05522076892363592,1.4511551899011406,0.0,1,0,0,0,0,0,0,0,0,0,0,0,Tidak Likuid,0
TBMS,-0.31027271677890517,-0.518600504119695,0.11431803529194441,-0.2127668478568842,0.7701611822403094,-0.7825569702942777,-0.9643627860353486,0.04834198862153832,-0.5489807808951997,-0.19649966113059741,1.1902792262448096,-0.6705988681023076,-0.29767837010133247,-0.42592991164929445,1.7408408515467164,0.0,1,0,0,0,0,0,0,0,0,0,0,0,Tidak Likuid,0
KARW,0.5420344909281939,0.7114985620802022,0.28126234082663365,-0.08918735457121167,1.061924547654479,0.14449389563079557,0.9022287995255492,-0.5725334633431068,2.127770936323244,-0.4935402734701414,-2.4995544730866976,0.6612498854661079,-0.29767837010133247,-1.1283261820768582,1.3521133826290577,0.0,0,0,0,0,0,0,0,1,0,0,0,0,Tidak Likuid,0
JARR,0.5922771568939558,0.6516724660662621,-0.23146068999607217,0.5073463184006267,0.14875351506928808,0.6178302525711807,0.2993118891908847,-0.6402010501753771,0.8464802460900474,0.6728812244350911,0.19314200109854182,1.1132570827216404,-0.3417570771486425,-0.8941940919343369,-0.9935035036809072,0.0,0,0,1,0,0,0,0,0,0,0,0,0,Likuid,2
AMAN,0.11577823422085222,-0.11039420462719492,-0.5763866847330765,-0.43209823577340967,-0.5092724903049979,0.29840087621138905,0.03132701553164797,-0.5949924433883141,-0.7532204886496136,-0.5892888236588667,0.6881444235193771,-0.012271239532956975,-0.3417570771486425,0.0813562836595016,-0.7903050540194038,0.0,0,0,0,0,0,0,0,0,1,0,0,0,Menengah,1
JGLE,-0.08147506909175982,-0.3330505948383069,-0.39437748196293454,-0.8344103300774159,-2.020081001525476,0.682281856514915,-0.09900060609389165,0.30370413173105426,2.3386621899904116,1.7032305779215566,-1.0633054741788341,-0.7872929423900484,-0.3417570771486425,1.2129947193483541,-0.47574269430314026,0.0,0,1,0,0,0,0,0,0,0,0,0,0,Menengah,1
BBTN,1.188163850292125,1.2480504832200192,-0.9978113280776923,1.3295502331416718,0.9391909208901228,1.0553680237610548,1.2809976150606868,-0.6501208956332528,-0.5037942008358037,-0.44109591658204356,-0.5933896350055611,1.6196609503636876,-0.3417570771486425,-1.0893041670531045,0.07898442342265778,0.0,0,0,0,0,1,0,0,0,0,0,0,0,Likuid,2
BLES,0.5198844275119164,0.43692591532650676,-0.6312879044339451,0.3322802293724717,-0.0490919616127759,0.6358610993074235,0.3736484162653121,-0.6372744420362055,-0.6211482879653019,-0.14042929391493514,-0.04532910425579197,0.8375638389311427,-0.3417570771486425,-0.5234849492086783,-1.157178227435711,0.0,1,0,0,0,0,0,0,0,0,0,0,0,Menengah,1
TOWR,1.0804976895386311,1.1381765474170553,-0.8832174318476153,1.6702866404602186,0.582530090629364,1.0643300502182553,0.3580823496480208,-0.6498055037426597,-0.3506764197649899,-0.3064709052897308,-0.4766954605957011,1.3079214520686178,-0.3417570771486425,-0.5429959567205551,0.060152530490642,0.0,0,0,0,0,0,0,0,1,0,0,0,0,Likuid,2
PTPS,0.3652771452571989,0.42155497452360335,0.10450523880050866,-0.8510606125843723,-0.6853904116662997,0.6769081282520039,1.5396617491168334,-0.6176288943594475,0.36701950211507317,0.4301862423538297,0.07591963306280272,0.8298439588980868,-0.3417570771486425,-0.2503308440424036,-1.0937077734796576,0.0,0,0,1,0,0,0,0,0,0,0,0,0,Menengah,1
KIOS,-0.6355990606158334,-0.22245833797362688,3.6113388712018355,-1.4148311279158445,-0.969351058498508,-0.4802717867387974,-0.7961198831115411,-0.640921724402014,-0.6549563637894994,-1.2947053617868531,0.9531664475131854,-1.6208123860926207,-0.3417570771486425,2.6568092752272348,-0.5833867242725637,0.0,0,0,0,0,0,0,0,0,0,1,0,0,Menengah,1
TOPS,-3.5172664825753994,-5.365806350172516,-0.2611785808537514,-1.6441776450095562,-2.020081001525476,-3.185741378482777,-1.122153201878401,-0.5093340294860225,-2.390142587806191,-1.948357512943425,2.163049600528397,-1.2532103459746864,4.859530354433939,3.1640954705360307,-0.5575800561805421,0.0,0,0,0,0,0,0,0,1,0,0,0,0,Tidak Likuid,0
MKAP,0.2319050063787668,0.4716956113123644,1.1238580691823148,-0.0495936839549168,0.07717228900209631,0.21799797239824759,-0.0579329355855247,-0.5829161508418849,0.057282889811303195,-0.3013667406208106,-0.45017115460799706,0.20617389370360997,-0.3417570771486425,-0.42592991164929445,-1.1230018291516823,0.0,0,0,0,1,0,0,0,0,0,0,0,0,Tidak Likuid,0
AWAN,0.8727381103536804,0.7444817121569991,-1.1022716139178281,0.015538314773538427,0.125820278239342,1.003614460252894,2.2123272051100478,-0.5451479334631872,0.39199503539562325,0.6728109132175539,-0.41803445923738775,0.152147328099609,-0.3417570771486425,-1.0307711445174743,-1.053254077551624,0.0,0,0,0,0,0,0,0,0,0,1,0,0,Tidak Likuid,0
SRAJ,0.41332492325912645,0.30087908283275205,-0.5894227476464565,1.6545527445401225,1.4385489741342854,-0.12394176834016886,-0.9836657711161927,-0.6279950872248988,-0.8769274977295759,-0.5378662749002685,0.2879030613823141,-1.6208123860926207,-0.3417570771486425,-0.03570976141175921,-0.032611979137435694,0.0,0,0,0,0,0,1,0,0,0,0,0,0,Tidak Likuid,0
KOPI,-0.016259400637973345,0.20405501777048954,1.4868275683363947,-0.4202424476824731,0.5398207391582145,-0.32671438496329874,-0.4071782430194723,-0.06256857177921736,1.3555508118197832,0.1501527552982615,-1.5801807259431557,-0.9748318354840846,-0.12136354191209243,-0.4454409191611713,-0.37763085705239136,0.0,0,0,0,1,0,0,0,0,0,0,0,0,Tidak Likuid,0
UANG,-0.28910659914572606,-0.41592953456930853,0.4162894423120185,-0.26894089571648994,0.3974805129763059,-0.5715697996826166,-0.906394571904787,0.4424514731413117,0.7731736825580504,0.7461091934913266,-2.2560791684645376,0.7071085005710066,0.8263286596050731,0.003312253611994481,-0.8170416921327593,0.0,0,0,0,0,0,0,0,0,1,0,0,0,Menengah,1
MGLV,-0.41639262169386815,-0.4619045243792162,0.9922650443383978,-0.9099766224585183,-0.6816855235333145,-0.3034292205501484,-0.7566728599656378,1.9213473903949714,0.6815802034660611,1.5541266718528475,0.4730540852055616,-0.2156478102826016,0.010872579229837616,-0.3088638665780339,-0.8953916664301583,0.0,0,1,0,0,0,0,0,0,0,0,0,0,Menengah,1
ESTI,-0.6430025220578416,-1.1559024576860706,-0.5316648175074529,-1.2456256513577164,-1.1318512498106523,-0.4140073149057457,-0.881781301556903,3.1452888261881826,-0.3626578485069943,-1.1569405124984435,0.24850922652630394,-0.6304389644287542,-0.2535996630540225,0.8422855766226955,1.537642401885213,0.0,0,1,0,0,0,0,0,0,0,0,0,0,Menengah,1
NIKL,0.1234247303968406,0.10433941836766358,0.18643588275552708,-0.25088013049777885,-0.023636648118763523,0.09478921569716055,-0.19666623991628465,-0.5337925885288951,0.16654468356467375,1.158113320540709,-0.2282488666075507,0.9723964174898276,-0.3417570771486425,-0.5625069642324318,0.07968190093865843,0.0,1,0,0,0,0,0,0,0,0,0,0,0,Menengah,1
SDRA,-0.16861112655026103,-0.4388714183432832,-0.33770249696671395,0.81331263394584,0.2598191136275329,-0.3831042989543703,-1.0793806314101078,-0.39048049211649943,-1.449526410518504,-0.934941375564435,0.08604705695556829,-0.40142518797430005,-0.3417570771486425,-0.21130882901864992,0.33426119427887163,0.0,0,0,0,0,1,0,0,0,0,0,0,0,Tidak Likuid,0
MRAT,-0.0858868085237074,0.015280893747865504,1.0647544145988292,-0.9995990697942552,0.10400705216674122,-0.1966680939451078,0.16373306262125228,-0.28733460415711914,-0.2398499558175576,0.43180673258616614,-1.4297462748716743,-0.24841214422067012,-0.3417570771486425,-0.6795730093036925,1.301197523961015,0.0,0,0,1,0,0,0,0,0,0,0,0,0,Tidak Likuid,0
TBIG,0.6620289531927608,0.6081011928851613,-0.7189805885254495,1.8077775696735439,1.2474002931546257,0.2492885230306713,-0.8249073126145718,-0.6397484466676404,-0.8922446404836608,-0.734072177917569,1.12600689794393,-0.31213485364435184,-0.3417570771486425,-0.17228681399489648,0.006214269253263545,0.0,0,0,0,0,0,0,0,1,0,0,0,0,Menengah,1
WINR,-0.12726334891217184,-0.5601205226903395,-0.9212518925286755,-1.1462162460415821,-1.5674578790932507,0.41607886664702876,0.13924801444890447,0.05026812107758197,0.6458766399685276,-0.22971592568585972,-0.3509933148278867,-1.0196989128205807,-0.3417570771486425,0.8422855766226955,-0.9700217606422208,0.0,0,0,0,0,0,0,0,0,1,0,0,0,Menengah,1
TRGU,-0.290144690630395,-0.6724160081576693,-0.5617059928780649,0.20493727968764403,-0.14160235099748816,-0.3815385025328211,-1.0450345554356266,0.17195115049446053,-1.3162773116678965,-0.4762212150537661,0.9339619530208805,-0.9009176235294984,-0.3417570771486425,-0.016198753899882234,-0.9872262060369019,0.0,0,0,1,0,0,0,0,0,0,0,0,0,Tidak Likuid,0
PJAA,0.05102747360579981,-0.28016928691358745,-0.8294898110972376,-0.0566033440184089,0.496516452564068,-0.21338880958766798,-0.5709129613262813,-0.5137816626060826,-1.2833624755143003,-0.8562144742171528,0.4224445938376052,-0.0731666430330051,-0.3417570771486425,-0.1917978215067732,0.5425744790577127,0.0,0,1,0,0,0,0,0,0,0,0,0,0,Tidak Likuid,0
AVIA,0.9617737910205655,0.9866750087466585,-0.8412703102954203,1.5734371525259487,0.3428482584222787,1.023324807869693,0.12189928724825065,-0.649486498339107,-0.8711997995515842,-0.6656318299669308,0.3411079112819607,-0.13571977535809696,-0.3417570771486425,-0.6600620017918156,-0.937937794906194,0.0,1,0,0,0,0,0,0,0,0,0,0,0,Likuid,2
KBAG,-0.041141525389685074,-0.33318431652861963,-0.5892414354268009,-0.9007367943652725,-1.4517266811817116,0.4535323856997009,0.03829511751217419,-0.19664199110030206,0.35923067762116184,-0.5409446851648311,-0.23367131211126033,-0.42446848482979194,-0.3417570771486425,0.8227745691108186,-0.7963498591580754,0.0,0,0,0,0,0,0,0,0,1,0,0,0,Tidak Likuid,0
ISEA,0.18384279399742803,0.21525799532600381,0.2959623364846098,-1.1240863985039549,-0.7604648576114511,0.49110839665312184,1.3051190563022983,-0.5655289867687494,0.5190262854590395,1.1025349140960354,-1.2240872885330147,-0.31234976049022445,-0.3417570771486425,0.12037829868325503,-1.157178227435711,0.0,0,0,1,0,0,0,0,0,0,0,0,0,Menengah,1
URBN,-0.3171730416873402,-0.37491167323971714,0.7627942226977313,-0.4374261670299446,-0.4072255572695674,-0.30525974016011787,-0.8889203804120526,0.7452954490973337,0.33606907872109953,1.0013140691509728,-0.39458943474735986,-0.23557257565152254,-0.3417570771486425,-0.4454409191611713,-0.6835909940713144,0.0,0,0,0,0,0,0,0,0,1,0,0,0,Tidak Likuid,0
MINA,0.4500394856067841,0.9371013941379249,1.8758106796559382,-0.38726405444369444,-0.7689369862243278,0.8095374146729628,1.0988634686769905,1.5197303036913492,2.1848010121360786,0.7204802615647908,-1.9252702132605706,0.8901822978014404,-0.05524548134112741,-0.21130882901864992,-0.5461879234191992,0.0,0,1,0,0,0,0,0,0,0,0,0,0,Likuid,2
LUCK,0.0539741545782829,0.06879839723205396,0.44181002983190304,-1.462772884750383,-0.7862452300461406,0.33260734678577947,1.3250016890244345,-0.45933857518182475,0.5135023914780887,1.765921324599077,0.04072965105320847,0.26446266592834583,-0.3417570771486425,-0.09424278394738936,-0.6808010840073119,0.0,0,0,0,0,0,0,0,0,0,1,0,0,Tidak Likuid,0
LPLI,-0.18098271751860948,-0.3310960644582136,0.1429941833802009,-0.56648708895641,0.04242456620624781,-0.31761921097359824,-0.6124395053574931,1.096061425810772,0.16190503203246842,0.41659584678123196,0.5970734713245429,0.6981999535092538,-0.3417570771486425,-0.7966390543749531,1.7901292626774246,0.0,0,0,0,0,0,0,0,0,1,0,0,0,Tidak Likuid,0
BIPP,-1.124414181308336,-1.4522678851838313,0.9811859542965439,-0.8898435772253832,-1.2330438141269915,-1.0040340320089198,-1.1117796192087048,4.065644359587519,0.5305860793410235,-0.9521459993980946,-0.12145026603448701,-0.813045978680814,0.010872579229837616,0.6081534864801742,1.2807381834916645,0.0,0,0,0,0,0,0,0,0,1,0,0,0,Tidak Likuid,0
HOMI,-0.21464871866957097,0.39332743665855124,3.7526767794083375,-0.4989906546489018,-0.05169733045252303,-0.3051449367829621,-0.6996106916212931,0.08173421708004265,1.1169401939180814,1.121027789622115,-0.9805784209812124,-0.9642841448732756,0.5618564173212128,0.003312253611994481,-0.8323861974847723,0.0,0,0,0,0,0,0,0,0,1,0,0,0,Menengah,1
UNVR,1.2339126962533897,1.3618791761955766,-0.8547388984484884,1.999628928110159,1.1743694137744722,1.0210752998793688,0.4378567998940631,-0.6501674778052794,-0.06228330544702745,-0.1564034170533401,-1.1223016812591944,1.2711506198194076,-0.3417570771486425,-0.9722381219818439,2.365541238602745,0.0,0,0,1,0,0,0,0,0,0,0,0,0,Likuid,2
KONI,-0.5369363512492099,-0.6504158934087578,0.9010491798007747,-0.44507433156560167,0.9950261287860849,-1.1687104441733343,-1.0397743773843748,1.3724271114300708,1.7902714840551253,1.60684484859191,-0.22231244522671217,-1.2993913459155833,-0.1434028954357474,-0.7576170393511995,1.295152718822343,0.0,0,0,0,0,0,0,1,0,0,0,0,0,Tidak Likuid,0
BBYB,0.8685782597521267,0.9123605980395825,-0.6675037760130601,0.5385167766398425,-0.028642852823153854,1.0609137711071084,1.3364996253302934,-0.6473777806174371,0.32222709732260557,0.4063360502074146,-0.654575855550155,2.952368196853509,-0.3417570771486425,-0.7771280468630763,-0.3518241889603697,0.0,0,0,0,0,1,0,0,0,0,0,0,0,Likuid,2
TINS,1.1500756314272371,1.2536495540296766,-0.8285393854670492,0.9696878257851915,0.8619988926870245,1.0430356465832618,1.726361464287146,-0.6498830994255438,0.018602018200912222,0.10904558185664574,-0.31129790037489286,1.9876873943177051,-0.3417570771486425,-1.1673481971006114,1.2816681535129986,0.0,1,0,0,0,0,0,0,0,0,0,0,0,Likuid,2
MFMI,-3.5172664825753994,-1.0309517132699348,-0.2611785808537514,-0.021877900013391103,0.9927025842362455,-3.185741378482777,-1.122153201878401,1.426499662576535,-0.4907543185328741,-1.674020718213591,1.1084299029848712,-1.5862422436235386,2.8539491837813338,2.0324570348471784,-0.008665251088082221,0.0,0,0,0,0,0,0,1,0,0,0,0,0,Tidak Likuid,0
PTMR,0.30520623741824904,0.39641260334833905,0.34520643021005204,-0.6754676054593618,-0.3887280185864983,0.4603260764345791,0.9714619868106058,-0.6302923722126682,0.31948874651972176,-0.6407945322323881,1.5485057767746386,-1.6208123860926207,0.37376394518546924,0.7473113601627661,-1.1573897956155645,0.0,1,0,0,0,0,0,0,0,0,0,0,0,Tidak Likuid,0
BGTG,0.3508275209714873,0.26629567553644107,-0.4080642224931172,0.2680022179270491,-0.7197954047558099,0.6795124135994872,-0.1339627220370103,-0.6234467602535967,-0.25337412686535493,-0.06295417645571666,0.700859123321179,1.267825071118724,-0.3417570771486425,0.0813562836595016,-0.46458305404713085,0.0,0,0,0,0,1,0,0,0,0,0,0,0,Menengah,1
MENN,0.29026812962712345,0.33721610835986,0.1867614842903678,-1.3664159553285213,-1.0797918531628679,0.7767180716960823,2.1808889351073715,-0.15507504475097855,1.4089869573032743,1.181344885241538,-0.8789423270527066,0.006334051188896642,-0.3417570771486425,-0.46495192667304797,-1.053254077551624,0.0,0,0,0,0,0,0,0,0,0,1,0,0,Tidak Likuid,0
CUAN,1.361815448974267,1.6165063776464599,-0.615354467301001,1.0437623659344253,0.7064140281111443,1.3729431355105113,2.4517712879617126,-0.6500924643699258,1.071478823248647,0.9606880758986244,-1.596463764516554,2.952368196853509,-0.3417570771486425,-1.1673481971006114,-1.0437218848329493,0.0,0,0,0,1,0,0,0,0,0,0,0,0,Likuid,2
CBUT,-0.478721085841,-0.5574032562313505,0.953868270642007,0.5813536839947763,0.8970716258267369,-1.0432906289735102,-1.1079340077936954,0.7683173351812757,0.343346892400709,0.43564304170663065,-0.31573539589301214,-0.7102396866187636,0.054951286277147654,-0.3088638665780339,-1.015822784192926,0.0,0,0,1,0,0,0,0,0,0,0,0,0,Tidak Likuid,0
KOTA,-0.12236873435304639,-0.32985488541499347,-0.17273996848031378,-1.0922896126602857,-1.8985252652625624,0.5976396645955593,0.15865062996179738,0.21375632567126093,2.0497528556488582,0.9298003175845387,-1.2405777310308796,-0.8291173096561297,-0.3417570771486425,0.9203296066702025,-0.7326469126966887,0.0,0,1,0,0,0,0,0,0,0,0,0,0,Menengah,1
MKNT,-3.5172664825753994,-5.365806350172516,-0.2611785808537514,-1.8299314915543101,-2.020081001525476,-3.185741378482777,-1.122153201878401,-0.5093340294860225,-2.390142587806191,-1.948357512943425,2.163049600528397,-1.2532103459746864,4.859530354433939,3.1640954705360307,-0.41831704548575865,0.0,0,1,0,0,0,0,0,0,0,0,0,0,Tidak Likuid,0
APII,-0.7549400523353483,-1.2012791131598326,-0.1300954623319538,-0.82016705527248,-0.22595997525963532,-0.941804801783746,-1.0617725838272662,1.8735382659444715,-1.2174476905851748,-1.0786687239779453,1.5318062163465473,-1.028345696097512,-0.18748160248305742,0.003312253611994481,-0.2492949941082838,0.0,0,0,0,0,0,0,1,0,0,0,0,0,Tidak Likuid,0
BAJA,-0.06994744898678494,0.12160662167407561,1.4516557489754387,-0.8361513404738506,-0.5554470127073183,0.07151121578184147,-0.05712269105128724,-0.38314135696889245,0.6351089701720526,1.3516009976451977,0.0468813030806728,-0.24930870024089638,-0.3417570771486425,-0.016198753899882234,-0.0916650754921517,0.0,1,0,0,0,0,0,0,0,0,0,0,0,Tidak Likuid,0
PWON,1.0417630533202362,1.0577608310072597,-0.9589440384529886,1.4003632189342476,0.2767534325490727,1.1434769841119972,0.6203033001083357,-0.6497314771298505,-0.7378452670082725,-0.4348277101257933,-0.1119220640091007,1.1273028726475802,-0.3417570771486425,-0.9137050994462137,1.7933841577520941,0.0,0,0,0,0,0,0,0,0,1,0,0,0,Likuid,2
BAPA,-0.14997867834529083,-0.22390951084578328,0.40739585823227337,-1.6197338176609162,-0.9347275024185634,0.12182084167823089,0.7472059647379258,-0.446850098082105,-0.5395892774607057,-0.22452110269954476,0.9531664475131854,-0.9052994329185141,-0.3417570771486425,1.2129947193483541,0.2424266546721282,0.0,0,0,0,0,0,0,0,0,1,0,0,0,Menengah,1
GHON,-0.4111750153099376,-0.5950910815399579,0.3790260440337839,-0.06838490096093627,1.12777806531316,-1.0410623661813643,-1.0438353847880615,0.4937876393775212,-0.8398570553511627,-0.7355545076638788,0.7396576558046187,-0.6979618634142084,-0.31971772362498746,-0.7576170393511995,-0.6266303302645998,0.0,0,0,0,0,0,0,0,1,0,0,0,0,Tidak Likuid,0
PSGO,-0.1322498795064392,-0.25972230701809323,0.1566736048509823,0.5319814614812967,-0.25083286090075124,-0.14381337350066725,-1.0379175382412476,-0.18340244317023954,-0.40714655562709595,0.2517178864551631,0.9739073015648747,-0.8042957624607103,-0.3417570771486425,-0.5625069642324318,-0.7649633709380491,0.0,0,0,1,0,0,0,0,0,0,0,0,0,Tidak Likuid,0
JRPT,0.3047692716479437,0.028998842806778734,-0.9601624603228254,1.0754295549811594,0.6245666645740552,0.07464263607608518,-0.8720229607054166,-0.6354159872027854,-1.757166824647282,-1.0890065240476983,1.7601367624381845,-1.049947737144766,-0.3417570771486425,1.1544616968127235,1.3925670785570916,0.0,0,0,0,0,0,0,0,0,1,0,0,0,Tidak Likuid,0
HILL,0.8310324060177351,0.7935817992519213,-0.8729744521785823,0.08783394193585259,0.3092647495077498,0.8590992599140577,1.8729340204212366,-0.646066102725119,-0.6432535550241296,-0.4993064956575879,-0.843370184557416,-0.3618882834815018,-0.3417570771486425,0.17891132121888542,-1.0420944372956145,0.0,0,0,0,1,0,0,0,0,0,0,0,0,Menengah,1
AMAG,-0.27301833892277727,-0.5804481798158168,-0.32279457555625257,0.25095685165836085,0.1956502297763964,-0.503885689224008,-1.0471766079978926,-0.08534157711527071,-0.8473959514685988,-0.6962962157863651,1.0013092213774566,-0.6408577535800445,-0.3417570771486425,-0.1917978215067732,0.4172610186829413,0.0,0,0,0,0,1,0,0,0,0,0,0,0,Tidak Likuid,0
HELI,0.23726478722429792,0.2609167103320925,0.1772127038897685,-0.7224649141680133,0.05130014362254269,0.19889655097159906,0.8058410476127271,-0.3025872877003605,1.1180001827660457,1.4288727283793556,-1.5136783050155167,0.29736905864225166,-0.3417570771486425,-0.8161500618868298,-0.6236079276952641,0.0,0,0,0,0,0,0,0,0,0,0,0,1,Tidak Likuid,0
PRIM,0.2349620383917321,0.03893931724226661,-0.6327138654341181,-0.7851624067741443,-0.8709056522758113,0.5834193554939907,0.9111567485347823,-0.5695015962575265,-0.5128725896407822,0.249091884438943,0.8387509380731151,-0.24626247792116351,-0.3417570771486425,0.003312253611994481,-0.635000060456607,0.0,0,0,0,0,0,1,0,0,0,0,0,0,Menengah,1
DEAL,-3.5172664825753994,-5.365806350172516,-0.2611785808537514,-1.8299314915543101,-2.020081001525476,-3.185741378482777,-1.122153201878401,-0.5093340294860225,-2.390142587806191,-1.948357512943425,2.163049600528397,-1.2532103459746864,4.859530354433939,3.1640954705360307,-0.6768487114166419,0.0,0,0,0,0,0,0,0,0,0,0,0,1,Tidak Likuid,0
PICO,0.14794998896597764,0.22512695112789982,0.5494997800883924,-1.2892722477368552,-0.43117125695973263,0.30964516682121784,1.4315304131940432,-0.4915562222268677,1.0170303046711893,1.396449480151401,-0.7479474593578261,0.5509769083628148,-0.3417570771486425,-0.5234849492086783,1.2026207016995991,0.0,1,0,0,0,0,0,0,0,0,0,0,0,Tidak Likuid,0
LMAX,-0.04926506320530071,-0.27236191286332734,-0.33775409431516823,-1.8299314915543101,-1.2516836639399096,0.35916934861622785,1.4819481345730758,-0.24782894264302555,0.731918037486861,1.6027836156632558,0.0560422048012259,0.8693132727784355,-0.3417570771486425,0.12037829868325503,-1.0795257306543127,0.0,0,1,0,0,0,0,0,0,0,0,0,0,Tidak Likuid,0
DART,-0.286067438756041,-0.06796020665125362,1.9809901079656933,-0.33525663495417063,-0.26181347556197276,-0.30756701666414565,-0.8850052016093697,0.364462767421159,1.6088312942296759,1.0872452284875818,-0.8849980508634189,-1.3739634979502788,-0.09932418838843741,-0.5625069642324318,1.7443282391267196,0.0,0,0,0,0,0,0,0,0,1,0,0,0,Tidak Likuid,0
ELSA,0.9819042756237284,1.0487512519010258,-0.7368948410685771,0.5719174757004114,0.3720785805780152,1.0274328981277732,1.6930281934079554,-0.6494393865010555,-0.765435712310657,-0.6965225411944895,0.610144630504477,0.48685825622222595,-0.3417570771486425,-0.7771280468630763,0.23707932704945706,0.0,0,0,0,1,0,0,0,0,0,0,0,0,Likuid,2
IOTF,0.8875889927844623,0.9250139438045604,-0.7120316627484955,-0.19392110168964705,-0.39790618389234805,1.1833664787255767,2.4444860567689193,-0.6408805073450728,2.2384219828936374,2.4735208486308733,-2.1450280210923367,1.2215073500731877,-0.31971772362498746,-0.6405509942799389,-1.0930102959636572,0.0,0,0,0,0,0,0,0,0,0,1,0,0,Menengah,1
DAYA,-0.2460987533925735,-0.41811615878803293,0.1585382592549146,0.3296914577424173,0.7337950370447495,-0.6389530992778538,-1.0329922424865632,0.19525209775521132,0.3532451007691685,2.2127078962698703,0.06921100102452067,-0.2997989539921741,-0.3417570771486425,-0.5625069642324318,-0.4755102017978066,0.0,0,0,1,0,0,0,0,0,0,0,0,0,Tidak Likuid,0
DMMX,0.618933875563612,0.5646835201829334,-0.6653903710764512,0.2791809694974619,-0.028642852823153854,0.6895433590015517,0.6257074909907497,-0.6293505006974836,0.648859333582576,0.7972677718479925,0.97178003448265,0.1532515520248881,-0.3417570771486425,-0.8356610693987067,-0.7568261332513756,0.0,0,0,0,0,0,0,0,0,0,1,0,0,Tidak Likuid,0
POLU,-0.10655888157881968,-0.07839742694166427,0.774461297220345,0.18208751809615442,1.2565048832117283,-0.5457917293235285,-0.7692092430719113,-0.16699034309928243,2.3386621899904116,2.1643480754977613,-0.7107049382261229,-1.2844483275962997,1.6197453864566531,0.5105984489207904,-0.7296245101273529,0.0,0,1,0,0,0,0,0,0,0,0,0,0,Tidak Likuid,0
KLAS,0.4980302412065109,0.30522077744197657,-0.9416197343097561,-0.4229565645854284,-0.46121447120534154,0.755303858000146,1.3815295822746072,-0.6298705119622453,0.28228628141657364,0.5702971836575562,-0.17572860872876314,0.18470249520211673,-0.3417570771486425,-0.5625069642324318,-1.066041165344968,0.0,0,0,0,0,0,0,0,0,0,0,0,1,Menengah,1
BESS,0.17608005282654376,0.010824862749135957,-0.4491542940101414,0.1583628051162256,0.30493280741214623,0.00347060132794885,-0.5269672921853121,-0.3557070072187113,1.3863786859328877,2.2302729196147033,-0.5688091787494434,1.3342299493602319,-0.16544224895940243,-0.8356610693987067,-0.7893750839980697,0.0,0,0,0,1,0,0,0,0,0,0,0,0,Tidak Likuid,0
PPRI,0.7057196741191759,0.6199044604230345,-0.8695178585374035,-0.921897708877556,-0.3533458558683744,0.9699401793134221,3.032781354988389,-0.618999322107959,0.8137971273178167,1.305255866680912,-1.128341553686517,0.1234443839570165,-0.3417570771486425,-0.5429959567205551,-1.079293238148979,0.0,1,0,0,0,0,0,0,0,0,0,0,0,Menengah,1
INRU,-0.36708314427485056,-0.5081545880630546,0.4866959003547569,-0.21083302214398394,0.3874472016674813,-0.6815453181686779,-0.9943994666374991,1.2555392631367606,0.832463316677551,0.8998707437078065,0.03578251830384902,0.03087975330881683,-0.03320612781747239,-0.5625069642324318,1.734796046408045,0.0,1,0,0,0,0,0,0,0,0,0,0,0,Tidak Likuid,0
ROCK,-3.5172664825753994,-1.648700794881504,-0.2611785808537514,-0.45136165446896326,0.06437433434652663,-3.185741378482777,-1.122153201878401,3.929802042812212,-0.0768577233353294,-1.8298249179092425,-0.4351845194351669,-1.282849817844055,2.4572408203555436,2.3641441625490835,-0.8323861974847723,0.0,0,0,0,0,0,0,0,0,1,0,0,0,Tidak Likuid,0
UNSP,-0.3652132884827213,-0.48288058341767165,0.5840393222213839,-0.6463128807949748,-0.5148554544472217,-0.32621414986668457,-0.8516633690107595,1.580565031275518,-0.33981270124972546,-1.2234141239535294,-0.5210609238078707,-0.815568289718163,-0.23156030953036746,0.0813562836595016,1.7589752669627314,0.0,0,0,1,0,0,0,0,0,0,0,0,0,Tidak Likuid,0
DEWI,0.682280436932797,0.5479100541220437,-0.9820228658923937,-0.8334969590687145,-0.6152836687297571,1.0560356151944228,2.812683835664536,-0.6441574331289674,-0.07314666621398108,0.009699249169143533,0.9862635550424769,-0.3810270597010344,-0.3417570771486425,-0.13326479897114304,-0.9895511310902372,0.0,0,0,1,0,0,0,0,0,0,0,0,0,Likuid,2
SPMA,-0.048862693553398215,-0.3764253979136299,-0.6954598579735444,-0.30704657526566437,-0.22878870371453636,-0.0398432390515185,-0.5630052366387341,-0.41425264616193114,-1.1870954006035763,-0.6647376608165975,0.7557806276472466,-0.6249516725861527,-0.3417570771486425,-0.5039739416968015,1.3600181278103978,0.0,1,0,0,0,0,0,0,0,0,0,0,0,Tidak Likuid,0
ITMG,1.1901365159753106,1.257173530967141,-0.9802157895724862,1.594480555278374,2.356906469459867,0.3038937302246499,0.8924730828107019,-0.6503725909877479,-1.177649484556006,-1.17721430910124,0.9127144271996068,0.014693183156611738,-0.3417570771486425,-1.1673481971006114,0.24870395231613346,0.0,0,0,0,1,0,0,0,0,0,0,0,0,Likuid,2
HRUM,1.012018405915707,1.0738914170269505,-0.7893653280518307,1.2084868995050713,0.8028768711638162,0.8937629469055011,0.812733655569115,-0.6492768370692615,-0.19846048674448488,-0.1043760400755143,-1.0278510228084243,1.511762595731108,-0.3417570771486425,-0.87468308442246,0.01086411935993405,0.0,0,0,0,1,0,0,0,0,0,0,0,0,Likuid,2
TAYS,-0.1620751713906179,-0.1275701534586391,0.9001610598307082,-1.390509550581229,-0.9517919356830836,0.0606118657822467,0.22372568762290498,-0.4516162826185414,-0.09266860938218528,-0.19050307737510339,-0.07564575743172243,-1.2189694978722168,-0.20952095600671244,1.3105497569077378,-0.937472809895527,0.0,0,0,1,0,0,0,0,0,0,0,0,0,Menengah,1
FUJI,-0.24521694125739135,-0.18148406679531234,1.181176265938949,-0.42883160257982306,0.1524927079388816,-0.3631902277988539,-0.7131613544858674,0.5452186724465744,0.9165389823422507,1.3994436634753111,0.6807698976343319,-0.8249712230217693,-0.3417570771486425,-0.9137050994462137,-0.7326469126966887,0.0,0,0,0,0,1,0,0,0,0,0,0,0,Menengah,1
RALS,0.6851652407577633,0.6443190685440255,-0.7064688349252144,0.47802426888576943,0.27065013334537114,0.6994913560752557,0.7125966371122302,-0.6470085586415276,-1.1130988884650006,-0.9797808231856084,0.9834749625176287,0.1417330443355478,-0.3417570771486425,-0.5234849492086783,1.2168027445249443,0.0,0,1,0,0,0,0,0,0,0,0,0,0,Menengah,1
KJEN,0.26697818596677436,0.3998910364638727,0.5869520972217055,-1.4333832442868482,-0.534811288530537,0.5126218796524248,2.173634433506272,-0.5531241612893051,1.8386690908412244,2.4735208486308733,-1.2199246525626797,1.475915883620763,0.010872579229837616,-0.5234849492086783,-0.7307869726540204,0.0,0,0,0,0,0,0,0,0,0,0,0,1,Menengah,1
EPAC,-0.4162781321001175,-0.8645541576804685,-0.6156322404571617,-1.648451614855055,-1.8985252652625624,0.17483328830858333,-0.16736348932500442,1.7954308436240967,1.426874420109519,0.279130359663967,-0.41803445923738775,0.6665571710988846,-0.3417570771486425,1.3105497569077378,-0.8158792296060916,0.0,1,0,0,0,0,0,0,0,0,0,0,0,Tidak Likuid,0
ACRO,0.1790047903049543,0.1615823499831139,0.1042379140608575,-0.6858843545923856,-0.7604648576114511,0.48904549428665917,0.6181749523750358,-0.5758449194527776,0.3485131676581438,0.4870986294118603,-0.8035210395920179,0.7258643419905998,-0.3417570771486425,-0.21130882901864992,-1.1155620689810093,0.0,0,1,0,0,0,0,0,0,0,0,0,0,Menengah,1
IKBI,-0.41581849135807325,-0.5163268266645046,0.7461612178183824,-0.36276065766602855,0.2721817329512625,-0.7150240806875886,-0.9953834081071553,0.6956556116351947,-0.527748698900309,-0.4132248283453696,-0.049308164985132893,0.04464014092942608,-0.3417570771486425,-0.42592991164929445,1.684345172750669,0.0,0,0,0,0,0,0,1,0,0,0,0,0,Tidak Likuid,0
SGRO,0.14721274782946148,0.2384186363698848,0.6113538270736186,0.6364952738129137,1.2944494398812445,-0.41258837797867626,-0.8583319970512869,-0.57710851072746,-0.9592295005181564,-0.8980624641226412,0.8427715791735485,-0.6508081791673224,-0.3417570771486425,-0.17228681399489648,0.29125008079216896,0.0,0,0,1,0,0,0,0,0,0,0,0,0,Likuid,2
EXCL,1.198631280350071,1.2925446465195982,-0.9136462209771604,1.6075769868713874,1.3247983209960883,0.9165692002801465,0.9020554383214444,-0.6503191639134811,-1.2413480895160436,-0.8827985002582999,1.5302777820022815,-0.5255857115193454,-0.3417570771486425,-0.7185950243274459,0.43702288163629116,0.0,0,0,0,0,0,0,0,1,0,0,0,0,Likuid,2
LABA,0.7347997474264414,0.9311132215036393,0.08030553452846138,-0.5705225193751405,0.0729362764848728,0.8414538161444883,2.597491232305248,-0.6406086903908318,2.158375453278143,2.4065185924635903,-2.4995544730866976,2.952368196853509,0.1651480538954227,-0.6795730093036925,-0.8958566514408254,0.0,0,0,0,0,0,0,1,0,0,0,0,0,Menengah,1
GULA,0.4032969891263583,0.5948590684236421,0.6075641581816136,-0.5131642794925964,0.16357376062744755,0.3656590374447758,1.1193714527871623,-0.6206755747588028,0.6573650092706285,0.2268876264521224,-2.0105045416601697,-0.44451351929232885,-0.3417570771486425,-0.42592991164929445,-0.9932710111755736,0.0,0,0,1,0,0,0,0,0,0,0,0,0,Menengah,1
TEBE,0.34550988930138354,0.4848861959262554,0.48139991127787574,-0.0971471768061362,0.57793062038071,0.13483648255568564,0.3181409368053454,-0.6322515580309924,0.3812841362893444,-0.18347189345508436,0.5419253757986554,1.1201559925561244,-0.3417570771486425,0.061845276147624625,-0.7633359234007145,0.0,0,0,0,1,0,0,0,0,0,0,0,0,Likuid,2
DATA,0.846559365122155,1.0415653831460159,-0.09834245907449828,0.09675642960973713,0.7818137296619624,0.6818649434688159,1.911991774786929,-0.6446846319544773,1.7865537057108232,1.421642518916398,-0.9933246984372409,1.5950009013290054,-0.23156030953036746,-0.87468308442246,-1.1427636921050321,0.0,0,0,0,0,0,0,0,1,0,0,0,0,Likuid,2
BUKK,-0.2821851974682471,-0.6689168570493944,-0.5872499962553579,0.38390755480311756,0.7496485906280995,-0.7482041508701791,-1.0683139658258682,-0.011227044854127396,-1.0947775551329035,-0.676391078354236,0.7526715250135217,-0.6382029551373822,-0.3417570771486425,-0.2698418515542803,-0.3906504373510689,0.0,0,0,0,0,0,0,0,1,0,0,0,0,Tidak Likuid,0
ITMA,1.0451658171754512,1.1090724911059657,-0.8230949340385161,-0.11303132232353634,0.7101371333868584,0.9786182075944307,3.119705837220524,-0.6420787008411912,0.6153208716084828,1.1124773330848068,0.5037812763932497,-0.9742799077128291,0.14310870037176768,-0.6795730093036925,1.6941098579746776,0.0,0,0,0,1,0,0,0,0,0,0,0,0,Menengah,1
GDYR,-0.3095654527921073,-0.08354593408921845,2.0634265848678695,-0.3484393048696436,0.9517744087347992,-0.8733185858100649,-0.930181284578331,0.37905494275675844,-0.29114316003071306,-0.09246130506792466,0.19024649752270179,-0.07088827404150003,-0.2756390165776775,-0.6795730093036925,2.365541238602745,0.0,0,1,0,0,0,0,0,0,0,0,0,0,Tidak Likuid,0
PADA,-0.21883115808606782,-0.5821662036492816,-0.5927502632040046,-1.5100246463403928,-1.7106497482184944,0.3521636213488497,0.30334126423706503,0.3061618598563365,0.936270181806496,-0.02891131659500326,-0.29512569448663595,0.3278227783717616,-0.3417570771486425,0.8422855766226955,-1.0227975593529317,0.0,0,0,0,0,0,0,1,0,0,0,0,0,Menengah,1
KKGI,0.6461674118911023,0.591473618179219,-0.7014646537756456,0.4008741726595898,0.3849126903489126,0.6084078292222302,0.7006914483785657,-0.642899711722193,-0.5465223615623298,-0.2380473838776411,-0.5794418817275628,0.781194539916262,-0.3417570771486425,-0.6990840168155692,1.6469138793919713,0.0,0,0,0,1,0,0,0,0,0,0,0,0,Menengah,1
MDKA,1.3891818834528962,1.5723288812591765,-0.8730914125648774,1.8590207651216768,1.2654746520651459,1.197743768732028,1.2862478756914366,-0.6503872827847397,0.4314603499625728,0.3306441715343057,-1.2608374175282562,2.647469061042214,-0.3417570771486425,-1.147837189588735,-0.38832551229773354,0.0,1,0,0,0,0,0,0,0,0,0,0,0,Likuid,2
MCOR,0.2415838467181482,-0.024459088720163766,-0.8599100729450361,0.4618326859603873,-0.7521095896763588,0.5490030416946313,-0.6050470590450482,-0.5909967984342606,-0.8725645917410847,-0.3596374641065219,0.5289217055468124,0.7663088625304832,-0.3417570771486425,-0.13326479897114304,0.287762693212166,0.0,0,0,0,0,1,0,0,0,0,0,0,0,Tidak Likuid,0
PMMP,0.4266455227610843,0.42253200281095127,-0.22411846871192767,-0.8330180838482909,-0.7689369862243278,0.7318051153538856,1.5735215483497598,-0.621676420428714,0.5093559521594992,0.785495689306307,-2.0875451804350975,1.3360911169645286,0.18718740741907772,-0.03570976141175921,-0.8554029555127914,0.0,0,0,1,0,0,0,0,0,0,0,0,0,Tidak Likuid,0
SILO,0.7527318219615614,0.8728942946611017,-0.24137771472905742,1.7188649522823638,1.4711122054053805,0.29548031688923243,-0.5897016877339645,-0.6462831306097152,-0.21412663000265728,-0.3840216983591989,-0.3737873039271171,-0.1794597754904674,-0.3417570771486425,-0.9722381219818439,-0.23836784635760802,0.0,0,0,0,0,0,1,0,0,0,0,0,0,Menengah,1
SSTM,-0.5143300310275714,-0.3452586073870084,2.1788498355787267,-0.7397220317718579,-0.17586968988315263,-0.6520461730101889,-0.9556784409897852,2.9667821233249145,2.0074235367803874,1.4392668468628103,-1.2937594080864931,-1.063342171945071,0.032911932753492634,-0.2698418515542803,1.1256656824342013,0.0,0,1,0,0,0,0,0,0,0,0,0,0,Tidak Likuid,0
CBPE,-0.08746031159303694,-0.34414489871953385,-0.40414473957080244,-0.6693194859750033,-0.17586968988315263,-0.11459841290762143,-0.3144165805433386,-0.2797772329756032,0.06590574808801282,0.9218696212433573,0.47680130364308465,0.2812045647463336,-0.3417570771486425,-0.6405509942799389,-1.029539842007604,0.0,0,0,0,0,0,0,0,0,1,0,0,0,Tidak Likuid,0
STRK,-0.6836516844354242,0.41168385775400523,4.125396901491711,-0.313270309454993,-0.969351058498508,-0.541595206317575,-1.0912619029254031,-0.6490040519126878,-0.17648295024111715,-1.1211414246242808,1.3614706999800166,-1.0056354494729987,-0.3417570771486425,2.3056111400134527,-1.0939402659849913,0.0,0,0,1,0,0,0,0,0,0,0,0,0,Menengah,1
WMUU,-0.37358599863081726,-0.5408903266840788,0.38639908763223446,-0.9942388276412192,-1.8985252652625624,0.258211609114108,-0.644114552929465,0.35939144863874073,0.8701848273412589,-0.4428430812553143,0.31941812926712226,-0.6916983162881062,1.553627325885688,1.9544130047996715,-0.8660976107581337,0.0,0,0,1,0,0,0,0,0,0,0,0,0,Likuid,2
ABBA,-0.2257746348832367,-0.4990833944657563,-0.2661112867938771,-1.0543991948630222,-1.2907777002471528,0.20661174141216418,-0.19366082738454832,0.1324520388927886,0.5319332945474786,-0.7684140546044048,-1.2094469932422276,0.3161647408093796,-0.3417570771486425,0.5691314714564207,0.7334508259365392,0.0,0,1,0,0,0,0,0,0,0,0,0,0,Tidak Likuid,0
IKAN,-0.20094548676445018,0.33936131357104504,3.389853573139697,-1.650156601231557,-1.108990147225676,0.18519345064473708,0.7650852897631851,1.7503150507100433,1.6997909945203102,0.12291899864206653,-2.087968419983137,-1.6208123860926207,-0.09932418838843741,-0.07473177643551264,-0.7833302788593979,0.0,0,0,1,0,0,0,0,0,0,0,0,0,Menengah,1
SULI,-0.07647023594768831,-0.007827225729720404,0.9014944560730495,-0.32421096823351236,-0.6286708947277783,0.08633718600796333,-0.6107248820488741,-0.1517016079997065,0.2545542875541937,1.6713239675684384,-0.08680575423112494,-1.0398179031745363,-0.3417570771486425,-0.32837487408991056,1.4158163290904444,0.0,1,0,0,0,0,0,0,0,0,0,0,0,Tidak Likuid,0
KETR,-0.04689227107352843,-0.1462116625679427,0.13405070714963063,-0.29503621340751024,-0.15075739661777843,-0.06912397280536653,-0.5683863624165858,-0.36421905464861754,0.3387057286861266,0.20906318240680308,0.5827940537330186,-0.7021104112274892,-0.3417570771486425,-0.5234849492086783,-0.8609827756407962,0.0,0,0,0,0,0,0,0,1,0,0,0,0,Likuid,2
TALF,-0.6872340127067893,-1.0043127209316633,0.27873173634249376,-0.4369175591575387,0.11797877946242437,-0.9965044694022933,-1.0831263525430839,1.5141906305332098,-0.7466616661720704,0.8223003267418995,0.7803259970824409,-1.257856326554222,-0.3417570771486425,-0.42592991164929445,-0.2678943945349661,0.0,1,0,0,0,0,0,0,0,0,0,0,0,Tidak Likuid,0
TAXI,0.06703882034048791,-0.1256028798953268,-0.39357122285993135,-1.278059506186792,-2.020081001525476,0.9576684786772385,1.2149180300691462,-0.0719758701075023,2.3386621899904116,2.4735208486308733,-0.9974614930623595,0.43732142818491676,-0.3417570771486425,0.9788626292058331,-0.1653651996828802,0.0,0,0,0,0,0,0,0,0,0,0,0,1,Menengah,1
DNAR,0.24917282221890943,0.33614145600980055,0.4205553759797428,0.26832684815593855,-0.5148554544472217,0.47070957941706376,-0.3961811405959766,-0.5358147036209993,1.480621399525126,2.2131421055777043,-0.7183145551553917,2.416074577311796,-0.3417570771486425,-0.46495192667304797,-0.3085805829683334,0.0,0,0,0,0,1,0,0,0,0,0,0,0,Tidak Likuid,0
AKPI,-0.368107753405853,-0.7205970532104025,-0.34989217552073665,-0.49039647608723386,0.5299064863995938,-0.7593736823902905,-0.9201145342495585,0.8257302928572179,-0.0013886186988449072,0.47937906826363774,0.03578251830384902,-0.3552036538205774,-0.31971772362498746,-0.4844629341849247,1.5222978965332,0.0,1,0,0,0,0,0,0,0,0,0,0,0,Tidak Likuid,0
BULL,1.0698305226539222,1.0792681494294638,-1.0078675649796698,0.24984052578865204,-0.43117125695973263,1.4681077283851849,2.5757177277280925,-0.6491787063451495,0.02701217394160728,0.1756322602338136,0.703508019113221,0.38259038779006876,0.14310870037176768,-0.5429959567205551,-0.04237666436144376,0.0,0,0,0,1,0,0,0,0,0,0,0,0,Likuid,2
SMLE,0.23722595361328666,0.2696738177647108,0.21319293754705435,-0.6356180330745145,-0.45865316793295197,0.4605527012529267,0.8242082217809809,-0.5727118538839974,0.4726389850097214,0.9867320544803101,0.2217422897301009,-0.6322784132338982,-0.3417570771486425,-0.6015289792561854,-1.1153295764756759,0.0,1,0,0,0,0,0,0,0,0,0,0,0,Menengah,1
FLMC,-0.31407693379956775,-0.4903854303011229,0.2508904456257018,-1.4424371883002745,-0.8131717661556501,-0.15870208218924628,-0.11075286446019623,2.3541292882132865,1.3453096839012806,1.967957534334941,-2.008557203088216,-1.6208123860926207,-0.3417570771486425,-0.8941940919343369,-0.9023664415901642,0.0,0,0,1,0,0,0,0,0,0,0,0,0,Tidak Likuid,0
FIMP,-1.5659725540933478,-1.2694151721036289,4.125396901491711,-1.7108510555228005,-0.7479747796188839,-1.7675575703624753,-1.1161179279195672,4.065644359587519,0.5916894724328996,-1.2842571048409872,-1.114517459491647,-1.6208123860926207,1.7740208611222383,1.2520167343721076,-0.8814421161101467,0.0,0,0,0,0,0,0,0,1,0,0,0,0,Tidak Likuid,0
DMAS,0.726175084919637,0.7808784585408162,-0.4403596386402843,0.9300133257337299,-0.3158649958046004,0.984591135392647,0.18291247138333744,-0.64830879830519,-0.8630862584658192,-1.0586960995441872,0.8269346578727539,0.18966585635826042,-0.3417570771486425,-0.28935285906615704,-0.38344316968572956,0.0,0,0,0,0,0,0,0,0,1,0,0,0,Likuid,2
BSWD,-3.5172664825753994,-2.2292895768063765,-0.2611785808537514,1.0638154608776558,1.4123417867996015,-3.185741378482777,-1.122153201878401,2.8925296934047937,-1.2607605560967474,-1.920956412978812,-0.7406699667081109,-1.2933908606192033,4.264467809295254,2.7738753202984956,0.7269410357872005,0.0,0,0,0,0,1,0,0,0,0,0,0,0,Tidak Likuid,0
PGAS,1.2936421794264148,1.4257441168794225,-0.9118264425175034,1.7335555816578052,1.1126901789277492,1.123458409930875,1.0660949162005497,-0.6504142882474573,-0.8317034132380048,-0.770067151599147,1.1214222706115493,0.1500687921207162,-0.3417570771486425,-0.9917491294937207,0.5890729801244183,0.0,0,0,0,1,0,0,0,0,0,0,0,0,Likuid,2
MMIX,0.42386460572600404,0.4110609167987821,-0.25239661477236164,-0.9551516539835891,-0.875974697098668,0.8023401147651265,1.8550233330668542,-0.5642079242335359,1.982182510578534,2.4735208486308733,-1.3652795944716292,1.482731049061864,-0.23156030953036746,-0.621039986768062,-1.0223325743422647,0.0,0,0,0,0,0,1,0,0,0,0,0,0,Menengah,1
VAST,0.17823203109709929,0.14823046800647255,0.055159013386082055,-0.7140780655914944,-0.7197954047558099,0.45492654140519273,0.6107503248164001,-0.39858457530847474,0.7521839857596833,0.9910749462676381,0.6503263420576072,0.8434229621754962,-0.3417570771486425,-0.38690789662554087,-1.0372120946836103,0.0,0,0,0,0,0,0,0,0,1,0,0,0,Tidak Likuid,0
ESTA,-0.04240148879656088,-0.20735854152265193,-0.13118802043953934,-0.8001950576981317,-0.689118099254334,0.16431750481070978,-0.012138242193036124,-0.13910379468448164,-0.3484548410529678,0.3102224283422471,-0.5349476744881027,-0.12415645770001926,-0.3417570771486425,0.19842232873076215,-0.7893750839980697,0.0,0,1,0,0,0,0,0,0,0,0,0,0,Tidak Likuid,0
BATR,0.1401208632421004,0.057670564670648954,-0.09140134681273866,-0.7003692548750843,-0.696643007468699,0.404345747196679,0.47442373404630295,-0.5220091259696014,0.0504849633986642,0.42419016857965147,0.5827940537330186,-0.449924149189407,-0.3417570771486425,0.2374443437545156,-1.1506684372863722,0.0,1,0,0,0,0,0,0,0,0,0,0,0,Tidak Likuid,0
MBMA,1.1676059909458618,1.3979167627257554,-0.436458114858538,1.8638805122855977,0.37337429726760196,1.280773553763625,0.44098280369807163,-0.64990430130522,0.45913309982399486,0.47680439714760625,-1.1554870477418975,1.7066491998552358,-0.3417570771486425,-0.8941940919343369,-1.053254077551624,0.0,1,0,0,0,0,0,0,0,0,0,0,0,Likuid,2
BRAM,-0.4574026359168403,-0.789754932837727,-0.14396088617670771,0.44924562837050974,1.9034311958829102,-1.4342582259727708,-1.1017733874197206,0.3116851295774083,-1.0820848301418133,-1.1209813378413507,1.1373200910630332,-0.919211702089296,-0.09932418838843741,-0.21130882901864992,1.716429138486696,0.0,0,1,0,0,0,0,0,0,0,0,0,0,Tidak Likuid,0
BUAH,0.17378980146135328,-0.07304056660526005,-0.7186666014187115,-0.08543704303342765,0.7444100397774649,-0.156231386387645,-0.24262907832079836,-0.6125047404589616,-1.2031115809014414,-0.8973932312534887,0.16504707306103458,-1.1729177122822423,-0.3417570771486425,-0.5820179717443087,-0.9946659662075749,0.0,0,0,1,0,0,0,0,0,0,0,0,0,Tidak Likuid,0
WIIM,0.5492309439706559,0.43103895783866025,-0.7805144532528179,0.23695168880182632,0.7026678979193199,0.35476559207114117,0.5908589740109698,-0.6357091218543969,-0.5227400964202246,-0.16314447559107623,-0.375283584541474,1.0339215144306073,-0.3417570771486425,-0.6990840168155692,-0.17605985492822251,0.0,0,0,1,0,0,0,0,0,0,0,0,0,Likuid,2
MTMH,0.8727233220199049,0.743615614274869,-1.1022716139178281,0.31035556334837644,0.8044671774629597,0.7012333369618953,1.6524461607825236,-0.6207145011943638,-0.7819795192931299,-0.6233235259917072,0.7255043564171826,-0.17021499929101858,-0.3417570771486425,-0.17228681399489648,-0.9688592981155533,0.0,0,0,0,0,0,1,0,0,0,0,0,0,Tidak Likuid,0
HEAL,1.0850120297407342,1.1473794218191036,-0.8746847080020732,1.4556573519925862,1.0375600317135858,0.8859454206037767,0.6964706228728483,-0.6498635984609862,-0.5214593236266302,-0.2981771728140801,-0.13465134288328093,-0.21079544621349589,-0.3417570771486425,-0.8161500618868298,-0.6352325529619405,0.0,0,0,0,0,0,1,0,0,0,0,0,0,Likuid,2
PTRO,1.4846311689196088,1.7222849106769396,-0.8230169996394633,0.4500944787576381,1.4158251047445982,1.2798671642215842,3.123232358800015,-0.6504039408029534,1.1430038836201113,1.2040621560891442,-0.8868814099433052,2.952368196853509,-0.3417570771486425,-1.1673481971006114,1.7413058365573832,0.0,0,0,0,1,0,0,0,0,0,0,0,0,Likuid,2
CARS,0.316850259122416,0.13262815726145313,-0.6993835234394555,0.09616265754445939,-0.6599198051915263,0.6130056301571133,-0.022038528493697068,-0.5757639182211,-1.0736429557779694,-0.48095990416101897,1.2216207641396608,-0.5472764646384137,-0.3417570771486425,0.3154883738020227,-0.5420030583231956,0.0,0,1,0,0,0,0,0,0,0,0,0,0,Menengah,1
LOPI,0.13148416917991884,-0.04788756796697997,-0.43681735448709325,-1.535682757844831,-1.1318512498106523,0.6028699227302371,1.8373248505251119,-0.16819416949266117,1.2659348610801868,1.8575085913346683,-1.448963077861039,0.7791763231582832,-0.3417570771486425,-0.5039739416968015,-1.094172758490325,0.0,0,0,0,0,0,0,0,0,0,0,0,1,Tidak Likuid,0
KING,0.218484198364231,-0.055704230433469455,-0.8569825890474244,-0.36003454888379915,-0.17908321106126213,0.28581608138986364,0.25333825036350544,-0.5507518420968204,-0.7350777794850917,-0.38999739940750056,0.8705036233941336,-0.2670773417742933,-0.3417570771486425,-0.6015289792561854,-1.0390720347262785,0.0,0,0,0,0,0,0,1,0,0,0,0,0,Tidak Likuid,0
LION,-0.4165284440525336,-0.2688930628796848,1.890722016351978,-0.7667329630334107,0.27978217546604495,-0.6949511295061086,-0.8312666999753608,2.753351214811882,1.9259136124172667,0.7034765591371269,-1.3589222445707279,1.0740764188964396,0.14310870037176768,-0.17228681399489648,1.4653372327264857,0.0,0,0,0,0,0,0,1,0,0,0,0,0,Tidak Likuid,0
IBFN,-0.5155482113084437,-0.8795857795601714,-0.17700558934084404,-1.8269377998734357,-1.6715557119112512,-0.0780279315462549,-0.2964632067332039,3.8469350309533574,1.561437803530432,-0.3407824463531826,-2.4995544730866976,0.09826924870659055,-0.3417570771486425,-0.07473177643551264,-0.34670935384303214,0.0,0,0,0,0,0,0,1,0,0,0,0,0,Tidak Likuid,0
MIRA,-0.41425910813592537,-0.661260767760996,0.12411595858926827,-1.6118961862637176,-1.9562591513827234,0.23137520807901105,-0.14148914034041657,1.1842253659091895,1.867088238940767,1.3012925520659353,-0.41803445923738775,-1.1534597257241157,-0.3417570771486425,0.9203296066702025,1.1726291685115737,0.0,0,0,0,0,0,0,0,0,0,0,0,1,Tidak Likuid,0
SMKL,-0.23884170019067524,-0.2603248825321962,0.7861556710480836,-0.29924168681581104,-0.26737934003246006,-0.26623377549842653,-0.8676489168043833,0.20782631781355623,0.12049188274902471,-0.035622813507545044,-0.24479667443783695,1.040652309997781,-0.3417570771486425,-0.38690789662554087,-0.7331118977073557,0.0,1,0,0,0,0,0,0,0,0,0,0,0,Tidak Likuid,0
DSSA,1.4245914697920683,1.5782707474070639,-0.9968976731015775,1.2065794191547645,1.1406785566833235,1.2827442998905279,2.4635258811577567,-0.6504337596549747,0.017549427871266024,0.16710461801508833,0.04412474215570997,0.5394893486573173,-0.3417570771486425,-1.1673481971006114,0.08061187095999253,0.0,0,0,0,1,0,0,0,0,0,0,0,0,Likuid,2
ACES,1.1381277541575558,1.205270441440463,-0.9218579873453745,1.1987364952747226,0.6476335586749966,1.1553427793688176,1.430018947378854,-0.6499886236726414,-0.2500802447959402,-0.1697021350487986,-0.7200762109121074,0.8656684096707831,-0.3417570771486425,-0.87468308442246,0.2584686375401414,0.0,0,1,0,0,0,0,0,0,0,0,0,0,Likuid,2
CNMA,0.6508299165403607,0.6020116439696398,-0.6885489719324048,1.2215186436956036,-0.27930016987679424,0.8732546873706232,-0.38544020548890773,-0.6392148850469502,0.0881436447630058,0.15693349653011623,-0.650914051809997,0.363444305688769,-0.3417570771486425,-0.6405509942799389,-1.0778982831169779,0.0,0,1,0,0,0,0,0,0,0,0,0,0,Menengah,1
ASJT,-0.4765864113265205,-0.7625999041065354,0.0664694394714665,-0.9065593479227495,-0.4928258514044991,-0.47934458579178085,-0.8599125588405319,1.9311346045075015,-0.7145512655967228,-0.3977936823681885,0.869533971498309,-0.0873450498774744,-0.29767837010133247,-0.11375379145926608,0.5872130400817501,0.0,0,0,0,0,1,0,0,0,0,0,0,0,Tidak Likuid,0
IFII,-0.22062558285698539,-0.3394425657265434,0.33617139968462306,0.3026584897736684,-0.12076377891057011,-0.31798153198947016,-1.0384257642968968,-0.07614045891555433,0.08126500769311266,0.5936970522251686,0.5297653441090124,-0.4717727757305063,-0.3417570771486425,-0.38690789662554087,-0.7684507585180519,0.0,1,0,0,0,0,0,0,0,0,0,0,0,Tidak Likuid,0
MAPA,1.065320164943779,1.1091957149694691,-0.905957328926506,1.512623715811095,0.735577172256114,1.0026435908214435,0.5901831147436344,-0.6493757486613352,0.16539550359403632,0.415481597170243,-0.7532401812848919,1.333318387029325,-0.3417570771486425,-1.1088151745649815,-0.6468571782286169,0.0,0,1,0,0,0,0,0,0,0,0,0,0,Likuid,2
SOFA,0.2083736459268244,0.11124636823977248,-0.24920217587068774,-1.2593796595513456,-1.03185463321037,0.620315924543827,1.5730563039394514,2.9357904545178206,1.208473389427712,2.000936438040409,-0.725306371114267,0.5482760571907045,-0.3417570771486425,-0.03570976141175921,-0.817274184638093,0.0,0,1,0,0,0,0,0,0,0,0,0,0,Menengah,1
SNLK,0.7566412104181071,0.5937388004915406,-1.1022716139178281,-0.6300564883776416,0.5398207391582145,0.6498128631636246,2.698064638213855,-0.6372319341229833,0.4594412821682664,0.9425146008650092,-0.5459599082636801,-0.763913735105615,-0.3417570771486425,-0.7966390543749531,-0.8788846985514778,0.0,0,1,0,0,0,0,0,0,0,0,0,0,Menengah,1
CITA,0.04095280983792423,0.031007985244081392,0.3590614885722747,1.2021385454610487,1.5380751073544754,-0.6553126878044707,-1.0699332178583318,-0.4522252032664108,-0.30027994867304686,-0.3838921703358242,0.3931633881175731,0.0009796919647626675,-0.31971772362498746,-0.46495192667304797,0.7367057210112088,0.0,1,0,0,0,0,0,0,0,0,0,0,0,Menengah,1
DLTA,0.10322025496880852,-0.1409987317658894,-0.6199320951267918,0.2588511606195009,1.3139374774473311,-0.47385287885558314,-0.700384870929169,-0.5643419289879282,-1.1466669935106673,-0.887314046707426,0.42476849905348074,-0.01623506228304157,-0.3417570771486425,-0.6405509942799389,2.2702262861911597,0.0,0,0,1,0,0,0,0,0,0,0,0,0,Tidak Likuid,0
MTFN,0.054122136729007335,-0.18717530216468425,-0.5451770795783415,-0.8949531558529324,-2.020081001525476,0.9705146605521071,0.4221837548707309,2.2838179232288542,2.3386621899904116,2.338571457438178,-2.4995544730866976,-0.6478763752465444,0.23126611446638767,1.0959286742770933,1.7494430742440574,0.0,0,0,0,1,0,0,0,0,0,0,0,0,Menengah,1
ADCP,-0.5209464988866511,-0.2862197484435383,2.5096371194804843,0.03591341635340648,-0.969351058498508,-0.33395436791065025,-1.0878530549471932,-0.646581565706836,-1.7830585212198145,-1.719010176076505,1.8499801054085578,-1.2153061913007972,-0.3417570771486425,2.8519193503460025,-0.8912068013341548,0.0,0,0,0,0,0,0,0,0,1,0,0,0,Menengah,1
MTPS,-0.597621202213915,-0.5346810914017882,1.8283164137387171,-1.707757714285806,-1.7106497482184944,-0.158574780481296,-0.5883386108605518,3.0301747876508105,1.1945621001195386,-0.27953275139504824,-0.8538018978991433,0.002095707694913019,-0.3417570771486425,0.41304341136140654,-0.7117225872166711,0.0,0,0,0,0,0,0,0,1,0,0,0,0,Tidak Likuid,0
MIDI,0.7698717457176066,0.725183459237873,-0.8224021350586429,1.2513078983725048,0.3092647495077498,0.7961418286314925,-0.060514247405002414,-0.6460268964307311,-0.6404845905933326,-0.37086437236884695,-0.1414897385481966,0.49698720946870095,-0.3417570771486425,-0.7576170393511995,-0.0019229684334099134,0.0,0,0,1,0,0,0,0,0,0,0,0,0,Menengah,1
